5.666431189e-01 5.727233291e-01 -6.080222782e-03
5.599949956e-01 5.743736625e-01 -1.437868178e-02
5.496112704e-01 5.720064044e-01 -2.239510790e-02
5.597149730e-01 5.869765282e-01 -2.726156637e-02
5.488162041e-01 5.840846896e-01 -3.526850790e-02
5.552792549e-01 5.953390598e-01 -4.005979747e-02
5.602788329e-01 6.052208543e-01 -4.494202882e-02
5.402695537e-01 5.929803252e-01 -5.271077901e-02
5.366271734e-01 5.938967466e-01 -5.726958066e-02
5.330376625e-01 5.948984623e-01 -6.186082214e-02
5.295510292e-01 5.959790349e-01 -6.642799824e-02
5.261654258e-01 5.971271396e-01 -7.096169144e-02
5.228788257e-01 5.983300209e-01 -7.545121759e-02
5.196649432e-01 5.995756984e-01 -7.991075516e-02
5.165181160e-01 6.008538008e-01 -8.433570713e-02
5.134302974e-01 6.021558642e-01 -8.872558177e-02
5.104132891e-01 6.034752131e-01 -9.306191653e-02
5.074164271e-01 6.048069000e-01 -9.739048779e-02
5.044430494e-01 6.061471701e-01 -1.017041206e-01
5.045211315e-01 6.074933410e-01 -1.029722020e-01
5.013436675e-01 6.088435650e-01 -1.074998826e-01
4.982623458e-01 6.101964116e-01 -1.119340509e-01
4.952741563e-01 6.115510464e-01 -1.162768900e-01
4.923246503e-01 6.129067540e-01 -1.205821037e-01
4.893773794e-01 6.142631769e-01 -1.248857975e-01
4.895002544e-01 6.156200767e-01 -1.261198223e-01
4.912938774e-01 6.169772148e-01 -1.256833375e-01
4.913458824e-01 6.183345318e-01 -1.269886494e-01
4.881148338e-01 6.196919084e-01 -1.315770745e-01
4.882909656e-01 6.210608482e-01 -1.327698678e-01
4.851291478e-01 6.224513054e-01 -1.373221576e-01
4.854117036e-01 6.238661408e-01 -1.384544224e-01
4.875468612e-01 6.253005266e-01 -1.377536505e-01
4.897483587e-01 6.267925501e-01 -1.370442063e-01
4.920496941e-01 6.283760071e-01 -1.363262981e-01
4.944620728e-01 6.300623417e-01 -1.356002539e-01
4.969734848e-01 6.318399310e-01 -1.348664463e-01
4.995560646e-01 6.336969137e-01 -1.341408640e-01
5.022001266e-01 6.356238723e-01 -1.334237605e-01
5.048961043e-01 6.376114488e-01 -1.327153295e-01
5.076316595e-01 6.396474242e-01 -1.320157349e-01
5.104265809e-01 6.417171955e-01 -1.312906146e-01
5.109426975e-01 6.438056827e-01 -1.328630000e-01
5.138949156e-01 6.459746957e-01 -1.320797503e-01
5.170634985e-01 6.483351588e-01 -1.312716752e-01
5.205853581e-01 6.510060430e-01 -1.304206848e-01
5.245574713e-01 6.540853977e-01 -1.295279264e-01
5.289751291e-01 6.575700045e-01 -1.285948902e-01
5.337694883e-01 6.613925099e-01 -1.276230216e-01
5.356493592e-01 6.654660702e-01 -1.298166960e-01
5.377002954e-01 6.697108150e-01 -1.320105195e-01
5.397754312e-01 6.740363836e-01 -1.342609674e-01
5.417801142e-01 6.783546805e-01 -1.365745366e-01
5.436571836e-01 6.825898290e-01 -1.389326751e-01
5.453253388e-01 6.866813302e-01 -1.413560063e-01
5.468910336e-01 6.907349825e-01 -1.438439488e-01
5.485702753e-01 6.949637532e-01 -1.463934928e-01
5.445797443e-01 6.995984912e-01 -1.550187469e-01
5.473514199e-01 7.048221827e-01 -1.574707478e-01
5.443814993e-01 7.105027437e-01 -1.661212742e-01
5.477191210e-01 7.163410783e-01 -1.686219573e-01
5.508221984e-01 7.220076323e-01 -1.711854339e-01
5.473715663e-01 7.271967530e-01 -1.798252016e-01
5.494289398e-01 7.318019271e-01 -1.823729575e-01
5.449374914e-01 7.358751297e-01 -1.909376085e-01
5.460745096e-01 7.395712137e-01 -1.934966892e-01
5.409468412e-01 7.430799007e-01 -2.021330446e-01
5.303648710e-01 7.465147972e-01 -2.161499411e-01
5.311509371e-01 7.499108911e-01 -2.187599242e-01
5.259339809e-01 7.532082796e-01 -2.272743136e-01
5.263574719e-01 7.563160658e-01 -2.299585789e-01
5.206822753e-01 7.591793537e-01 -2.384970784e-01
5.098398924e-01 7.617874146e-01 -2.519475222e-01
5.096018314e-01 7.640916705e-01 -2.544898391e-01
5.034286380e-01 7.660653591e-01 -2.626367211e-01
4.921260178e-01 7.677347660e-01 -2.756087482e-01
4.809360802e-01 7.691644430e-01 -2.882283628e-01
4.699126780e-01 7.704274654e-01 -3.005147874e-01
4.590663314e-01 7.715928555e-01 -3.125265241e-01
4.484143555e-01 7.727159262e-01 -3.243015707e-01
4.380485415e-01 7.738350630e-01 -3.357865214e-01
4.279514849e-01 7.749729753e-01 -3.470214903e-01
4.180852473e-01 7.761404514e-01 -3.580552042e-01
4.084299803e-01 7.773402333e-01 -3.689102530e-01
3.989794850e-01 7.785703540e-01 -3.795908689e-01
3.897362351e-01 7.798150182e-01 -3.900787830e-01
3.806822598e-01 7.810592651e-01 -4.003770053e-01
3.718019724e-01 7.822957039e-01 -4.104937315e-01
3.630884588e-01 7.835252881e-01 -4.204368293e-01
3.545706868e-01 7.847541571e-01 -4.301834702e-01
3.462553024e-01 7.859894633e-01 -4.397341609e-01
3.381335437e-01 7.872370481e-01 -4.491035044e-01
3.301974237e-01 7.885003090e-01 -4.583028853e-01
3.224640489e-01 7.897802591e-01 -4.673162103e-01
3.186100721e-01 7.910761833e-01 -4.724661112e-01
3.125498891e-01 7.923862934e-01 -4.798364043e-01
