6.881422997e-01 1.000000015e-01 8.999999762e-01 5.696060658e-01 3.222139180e-01 1.000000015e-01
6.881422997e-01 1.000000015e-01 8.999999762e-01 5.667231083e-01 2.723602355e-01 1.000000015e-01
6.881422997e-01 1.000000015e-01 8.999999762e-01 5.564261675e-01 2.779161930e-01 1.000000015e-01
6.881422997e-01 1.000000015e-01 8.999999762e-01 5.636133552e-01 3.489370942e-01 1.000000015e-01
6.881422997e-01 1.000000015e-01 8.999999762e-01 5.560026169e-01 2.780973613e-01 1.000000015e-01
6.881422997e-01 1.000000015e-01 8.999999762e-01 5.593085289e-01 3.503033519e-01 1.000000015e-01
6.881422997e-01 1.000000015e-01 8.999999762e-01 5.643853545e-01 3.486407995e-01 1.000000015e-01
6.881422997e-01 1.000000015e-01 8.999999762e-01 5.472030640e-01 2.827820480e-01 1.000000015e-01
6.881422997e-01 1.000000015e-01 8.999999762e-01 5.474614501e-01 3.541089892e-01 1.000000015e-01
6.905138493e-01 1.000000015e-01 8.999999762e-01 5.517901182e-01 3.526945710e-01 1.000000015e-01
6.928853989e-01 1.000000015e-01 8.999999762e-01 5.522252917e-01 3.525485992e-01 1.000000015e-01
6.952568889e-01 1.000000015e-01 8.999999762e-01 5.519764423e-01 3.526211083e-01 1.000000015e-01
6.976284385e-01 1.000000015e-01 8.999999762e-01 5.509405136e-01 3.529398143e-01 1.000000015e-01
6.976284385e-01 1.000000015e-01 8.999999762e-01 5.496053696e-01 3.533696234e-01 1.000000015e-01
6.976284385e-01 1.000000015e-01 8.999999762e-01 5.479232073e-01 3.539078534e-01 1.000000015e-01
6.976284385e-01 1.000000015e-01 8.999999762e-01 5.461996198e-01 3.544619381e-01 1.000000015e-01
6.976284385e-01 1.000000015e-01 8.999999762e-01 5.431572199e-01 3.554334939e-01 1.000000015e-01
6.952568889e-01 1.000000015e-01 8.999999762e-01 5.419853330e-01 3.558069468e-01 1.000000015e-01
6.928853989e-01 1.000000015e-01 8.999999762e-01 5.403084159e-01 3.563424647e-01 1.000000015e-01
6.905138493e-01 1.000000015e-01 8.999999762e-01 5.553705096e-01 4.247018099e-01 1.000000015e-01
6.881422997e-01 1.000000015e-01 8.999999762e-01 5.530464649e-01 3.521818519e-01 1.000000015e-01
6.881422997e-01 1.000000015e-01 8.999999762e-01 5.473026037e-01 3.540414572e-01 1.000000015e-01
6.881422997e-01 1.000000015e-01 8.999999762e-01 5.416587591e-01 3.558590710e-01 1.000000015e-01
6.881422997e-01 1.000000015e-01 8.999999762e-01 5.397140980e-01 3.564817607e-01 1.000000015e-01
6.881422997e-01 1.000000015e-01 8.999999762e-01 5.402283072e-01 3.562994599e-01 1.000000015e-01
6.905138493e-01 1.000000015e-01 8.999999762e-01 5.582764745e-01 4.243584275e-01 1.000000015e-01
6.928853989e-01 1.000000015e-01 8.999999762e-01 5.767344832e-01 4.613306820e-01 5.000000000e-01
6.952568889e-01 1.000000015e-01 8.999999762e-01 5.794162750e-01 4.220615029e-01 1.000000015e-01
6.976284385e-01 1.000000015e-01 8.999999762e-01 5.651036501e-01 3.481709957e-01 1.000000015e-01
7.043478489e-01 1.000000015e-01 7.766405940e-01 5.731723309e-01 4.227321744e-01 1.000000015e-01
7.110671997e-01 1.000000015e-01 7.766405940e-01 5.705766678e-01 3.463693261e-01 1.000000015e-01
7.177865505e-01 1.000000015e-01 7.766405940e-01 5.846166015e-01 4.214815497e-01 1.000000015e-01
7.245059013e-01 1.000000015e-01 7.766405940e-01 6.046317220e-01 4.613306820e-01 5.000000000e-01
7.264822125e-01 1.000000015e-01 2.759322524e-01 6.143457294e-01 4.613306820e-01 5.000000000e-01
7.284585238e-01 1.000000015e-01 2.759322524e-01 6.285080910e-01 4.613306820e-01 5.000000000e-01
7.304347754e-01 1.000000015e-01 2.759322524e-01 6.408047676e-01 4.613306820e-01 5.000000000e-01
7.324110866e-01 1.000000015e-01 2.759322524e-01 6.501873732e-01 4.613306820e-01 5.000000000e-01
7.324110866e-01 1.000000015e-01 1.000000015e-01 6.603217721e-01 4.613306820e-01 5.000000000e-01
7.324110866e-01 1.000000015e-01 1.000000015e-01 6.689554453e-01 4.613306820e-01 5.000000000e-01
7.324110866e-01 1.000000015e-01 1.000000015e-01 6.866481900e-01 4.613306820e-01 5.000000000e-01
7.324110866e-01 1.000000015e-01 1.000000015e-01 6.935812235e-01 4.613306820e-01 5.000000000e-01
7.367588878e-01 1.000000015e-01 1.000000015e-01 7.025802732e-01 4.613306820e-01 5.000000000e-01
7.411067486e-01 1.000000015e-01 1.000000015e-01 6.962050200e-01 4.093477726e-01 1.000000015e-01
7.454545498e-01 1.279957592e-01 1.000000015e-01 7.095397115e-01 4.613306820e-01 5.000000000e-01
7.498023510e-01 1.559915096e-01 1.000000015e-01 7.356432080e-01 4.613306820e-01 5.000000000e-01
7.565217614e-01 1.839872748e-01 1.000000015e-01 7.553943396e-01 4.613306820e-01 5.000000000e-01
7.632411122e-01 2.119830400e-01 1.000000015e-01 7.661763430e-01 4.613306820e-01 5.000000000e-01
7.699604630e-01 2.117709368e-01 1.000000015e-01 7.854667306e-01 4.613306820e-01 5.000000000e-01
7.766798139e-01 2.115588486e-01 1.000000015e-01 7.920354009e-01 4.613306820e-01 5.000000000e-01
7.723320127e-01 2.113467604e-01 1.000000015e-01 7.828888297e-01 3.916126788e-01 1.000000015e-01
7.679842114e-01 2.111346722e-01 1.000000015e-01 7.746392488e-01 3.925192058e-01 1.000000015e-01
7.636363506e-01 1.981972456e-01 1.000000015e-01 7.779676914e-01 3.921744227e-01 1.000000015e-01
7.592885494e-01 1.852598041e-01 1.000000015e-01 7.826140523e-01 3.916861713e-01 1.000000015e-01
7.569169998e-01 1.723223776e-01 1.000000015e-01 7.866105437e-01 3.912571371e-01 1.000000015e-01
7.545454502e-01 1.593849361e-01 1.000000015e-01 7.950639725e-01 3.903568387e-01 1.000000015e-01
7.521739006e-01 2.166489959e-01 1.000000015e-01 8.034739494e-01 3.894546926e-01 1.000000015e-01
7.498023510e-01 2.739130557e-01 1.000000015e-01 8.113769293e-01 3.886120021e-01 1.000000015e-01
7.498023510e-01 3.311770856e-01 1.000000015e-01 7.821214795e-01 2.527666390e-01 1.000000015e-01
7.498023510e-01 3.884411454e-01 1.000000015e-01 7.933368683e-01 3.906249702e-01 1.000000015e-01
7.498023510e-01 3.163308501e-01 1.000000015e-01 7.844325900e-01 2.521111369e-01 1.000000015e-01
7.498023510e-01 2.442205697e-01 1.000000015e-01 8.037956357e-01 3.895211816e-01 1.000000015e-01
7.478260994e-01 1.721102893e-01 1.000000015e-01 8.112934232e-01 3.887116611e-01 1.000000015e-01
7.458497882e-01 1.000000015e-01 1.000000015e-01 7.811253667e-01 2.533085644e-01 1.000000015e-01
7.438735366e-01 1.178154796e-01 1.000000015e-01 8.019953370e-01 3.897402287e-01 1.000000015e-01
7.418972254e-01 1.356309652e-01 1.000000015e-01 7.742924690e-01 2.555892766e-01 1.000000015e-01
7.351778746e-01 1.534464508e-01 1.560235322e-01 7.920143008e-01 3.908518553e-01 1.000000015e-01
7.284585238e-01 1.712619364e-01 1.560235322e-01 7.729073763e-01 2.561247051e-01 1.000000015e-01
7.217391133e-01 1.595970243e-01 1.560235322e-01 7.412132025e-01 1.365297288e-01 1.000000015e-01
7.150197625e-01 1.479321271e-01 1.560235322e-01 7.796064615e-01 3.922223449e-01 1.000000015e-01
7.106719613e-01 1.362672299e-01 4.284061790e-01 7.583322525e-01 2.609170079e-01 1.000000015e-01
7.063241005e-01 1.246023327e-01 4.284061790e-01 7.837154865e-01 3.917788863e-01 1.000000015e-01
7.019762993e-01 1.195121929e-01 4.284061790e-01 7.563245893e-01 2.615694702e-01 1.000000015e-01
6.976284385e-01 1.144220605e-01 4.284061790e-01 7.128136754e-01 1.519998908e-01 1.000000015e-01
6.996047497e-01 1.093319207e-01 7.912347913e-01 7.543716431e-01 3.949671984e-01 1.000000015e-01
7.015810013e-01 1.042417809e-01 7.912347913e-01 7.329910994e-01 2.691743374e-01 1.000000015e-01
7.035573125e-01 1.031813398e-01 7.912347913e-01 6.973427534e-01 1.603882909e-01 1.000000015e-01
7.055336237e-01 1.021208912e-01 7.912347913e-01 6.849796176e-01 1.670942008e-01 1.000000015e-01
7.055336237e-01 1.000000015e-01 7.912347913e-01 6.727548242e-01 1.737294048e-01 1.000000015e-01
7.055336237e-01 1.000000015e-01 7.912347913e-01 6.629196405e-01 1.790676266e-01 1.000000015e-01
7.055336237e-01 1.000000015e-01 7.912347913e-01 6.546218991e-01 1.835688502e-01 1.000000015e-01
7.055336237e-01 1.000000015e-01 7.912347913e-01 6.440999508e-01 1.892791688e-01 1.000000015e-01
7.035573125e-01 1.000000015e-01 7.912347913e-01 6.345352530e-01 1.944632083e-01 1.000000015e-01
7.015810013e-01 1.000000015e-01 7.912347913e-01 6.269723177e-01 1.985777617e-01 1.000000015e-01
6.996047497e-01 1.000000015e-01 7.912347913e-01 6.203061938e-01 2.022025585e-01 1.000000015e-01
6.976284385e-01 1.000000015e-01 7.912347913e-01 6.137723327e-01 2.057487965e-01 1.000000015e-01
6.976284385e-01 1.000000015e-01 8.999999762e-01 6.070938706e-01 2.093674093e-01 1.000000015e-01
6.976284385e-01 1.000000015e-01 8.999999762e-01 6.005032063e-01 2.129340172e-01 1.000000015e-01
6.976284385e-01 1.000000015e-01 8.999999762e-01 5.942213535e-01 2.163314074e-01 1.000000015e-01
6.976284385e-01 1.000000015e-01 8.999999762e-01 5.882398486e-01 2.195653766e-01 1.000000015e-01
6.976284385e-01 1.000000015e-01 8.999999762e-01 5.812553763e-01 2.233224958e-01 1.000000015e-01
6.976284385e-01 1.000000015e-01 8.999999762e-01 5.742378235e-01 2.270822972e-01 1.000000015e-01
6.976284385e-01 1.000000015e-01 8.999999762e-01 5.677898526e-01 2.305301875e-01 1.000000015e-01
6.976284385e-01 1.000000015e-01 8.999999762e-01 5.617868900e-01 2.337386161e-01 1.000000015e-01
6.976284385e-01 1.000000015e-01 8.999999762e-01 5.550985336e-01 2.373194098e-01 1.000000015e-01
6.976284385e-01 1.000000015e-01 8.999999762e-01 5.664873123e-01 3.232113123e-01 1.000000015e-01
6.976284385e-01 1.000000015e-01 8.999999762e-01 5.650438070e-01 2.732386887e-01 1.000000015e-01
