5.667231083e-01
5.564261675e-01
5.636133552e-01
5.560026169e-01
5.593085289e-01
5.643853545e-01
5.472030640e-01
5.474614501e-01
5.517901182e-01
5.522252917e-01
5.519764423e-01
5.509405136e-01
5.496053696e-01
5.479232073e-01
5.461996198e-01
5.431572199e-01
5.419853330e-01
5.403084159e-01
5.553705096e-01
5.530464649e-01
5.473026037e-01
5.416587591e-01
5.397140980e-01
5.402283072e-01
5.582764745e-01
5.767344832e-01
5.794162750e-01
5.651036501e-01
5.731723309e-01
5.705766678e-01
5.846166015e-01
6.046317220e-01
6.143457294e-01
6.285080910e-01
6.408047676e-01
6.501873732e-01
6.603217721e-01
6.689554453e-01
6.866481900e-01
6.935812235e-01
7.025802732e-01
6.962050200e-01
7.095397115e-01
7.356432080e-01
7.553943396e-01
7.661763430e-01
7.854667306e-01
7.920354009e-01
7.828888297e-01
7.746392488e-01
7.779676914e-01
7.826140523e-01
7.866105437e-01
7.950639725e-01
8.034739494e-01
8.113769293e-01
7.821214795e-01
7.933368683e-01
7.844325900e-01
8.037956357e-01
8.112934232e-01
7.811253667e-01
8.019953370e-01
7.742924690e-01
7.920143008e-01
7.729073763e-01
7.412132025e-01
7.796064615e-01
7.583322525e-01
7.837154865e-01
7.563245893e-01
7.128136754e-01
7.543716431e-01
7.329910994e-01
6.973427534e-01
6.849796176e-01
6.727548242e-01
6.629196405e-01
6.546218991e-01
6.440999508e-01
6.345352530e-01
6.269723177e-01
6.203061938e-01
6.137723327e-01
6.070938706e-01
6.005032063e-01
5.942213535e-01
5.882398486e-01
5.812553763e-01
5.742378235e-01
5.677898526e-01
5.617868900e-01
5.550985336e-01
5.664873123e-01
5.650438070e-01
5.570033193e-01
